1 2 287
1 3 109
1 4 201
1 5 282
1 6 30
1 7 225
1 8 324
1 9 196
1 10 118
1 11 199
1 12 214
1 13 341
1 14 83
1 15 77
1 16 97
1 17 329
1 18 343
1 19 225
1 20 190
2 3 211
2 4 168
2 5 57
2 6 282
2 7 147
2 8 31
2 9 153
2 10 288
2 11 150
2 12 151
2 13 50
2 14 249
2 15 228
2 16 213
2 17 134
2 18 57
2 19 108
2 20 142
3 4 135
3 5 200
3 6 90
3 7 147
3 8 234
3 9 116
3 10 114
3 11 119
3 12 135
3 13 254
3 14 82
3 15 45
3 16 32
3 17 241
3 18 253
3 19 133
3 20 99
4 5 144
4 6 170
4 7 37
4 8 177
4 9 39
4 10 104
4 11 45
4 12 30
4 13 219
4 14 123
4 15 128
4 16 114
4 17 244
4 18 224
4 19 123
4 20 61
5 6 244
5 7 106
5 8 50
5 9 115
5 10 245
5 11 111
5 12 110
5 13 92
5 14 209
5 15 197
5 16 179
5 17 156
5 18 100
5 19 80
5 20 106
6 7 207
6 8 311
6 9 184
6 10 110
6 11 188
6 12 199
6 13 331
6 14 73
6 15 80
6 16 89
6 17 322
6 18 333
6 19 220
6 20 181
7 8 157
7 9 44
7 10 151
7 11 43
7 12 39
7 13 201
7 14 139
7 15 167
7 16 150
7 17 243
7 18 206
7 19 112
7 20 80
8 9 149
8 10 281
8 11 145
8 12 144
8 13 62
8 14 243
8 15 265
8 16 245
8 17 146
8 18 70
8 19 110
8 20 167
9 10 114
9 11 34
9 12 33
9 13 197
9 14 120
9 15 117
9 16 101
9 17 228
9 18 202
9 19 101
9 20 35
10 11 138
10 12 145
10 13 311
10 14 60
10 15 110
10 16 114
10 17 325
10 18 315
10 19 203
10 20 148
11 12 38
11 13 194
11 14 124
11 15 120
11 16 104
11 17 225
11 18 198
11 19 96
11 20 36
12 13 203
12 14 133
12 15 158
12 16 141
12 17 236
12 18 206
12 19 109
12 20 73
13 14 263
13 15 281
13 16 226
13 17 103
13 18 35
13 19 122
13 20 162
14 15 56
14 16 70
14 17 308
14 18 304
14 19 189
14 20 143
15 16 50
15 17 272
15 18 284
15 19 166
15 20 132
16 17 255
16 18 252
16 19 146
16 20 113
17 18 103
17 19 129
17 20 213
18 19 118
18 20 165
19 20 70